86 95 -1 86 88 -1 86 -1 86 88 -1 20 32 81 89 -1 86 88 -1 20 32 81 89 -1 86 95 -1 92 -1 44 -1 92 94 -1 20 32 81 89 -1 92 94 -1 44 -1 20 32 81 89 -1 44 -1 20 32 81 89 -1 30 -1 86 -1 92 -1 30 33 73 78 89 -1 73 -1 -2
30 46 89 92 94 -1 2 32 48 -1 20 89 -1 32 36 57 -1 73 -1 32 36 57 -1 73 -1 32 36 57 -1 -2
46 88 -1 32 88 94 -1 78 -1 88 -1 -2
20 -1 69 81 -1 -2
13 -1 20 -1 3 6 20 74 89 -1 3 6 74 89 -1 32 81 -1 81 -1 20 59 -1 20 62 81 89 93 -1 20 59 -1 20 62 81 89 93 -1 20 21 31 69 78 80 89 -1 9 89 -1 20 69 71 89 -1 27 -1 22 31 89 -1 -2
62 -1 78 -1 95 -1 27 -1 20 92 -1 86 88 -1 86 88 -1 92 94 -1 86 -1 30 89 -1 30 32 86 89 94 95 -1 89 92 -1 30 32 86 89 94 95 -1 89 92 -1 30 32 86 89 94 95 -1 -2
30 55 -1 30 -1 86 -1 2 30 69 89 -1 30 55 -1 31 81 88 89 94 -1 30 -1 22 31 89 -1 -2
74 -1 30 33 73 89 -1 20 73 -1 19 21 86 -1 62 -1 95 -1 44 -1 95 -1 21 49 -1 86 95 -1 -2
86 95 -1 73 86 -1 94 -1 31 -1 6 31 -1 80 89 -1 44 -1 20 -1 32 81 -1 20 89 92 -1 30 33 73 78 89 -1 -2
89 -1 92 94 -1 86 88 -1 78 -1 92 94 -1 -2
31 -1 86 88 -1 6 30 31 44 69 73 78 81 -1 32 69 78 -1 30 31 89 -1 9 89 -1 20 89 -1 32 -1 89 -1 92 94 -1 89 92 -1 30 55 -1 20 30 -1 -2
86 -1 22 31 89 -1 -2