73 -1 #SUP: 5
78 -1 #SUP: 7
81 -1 #SUP: 6
81 -1 89 #SUP: 5
20 -1 #SUP: 8
20 89 #SUP: 5
20 -1 32 #SUP: 6
20 -1 32 -1 89 #SUP: 5
20 -1 89 #SUP: 5
20 -1 89 -1 89 #SUP: 5
20 -1 94 -1 89 -1 20 #SUP: 5
86 -1 #SUP: 8
86 -1 89 #SUP: 6
86 -1 89 -1 89 #SUP: 5
86 -1 89 -1 89 -1 89 #SUP: 5
86 -1 89 -1 89 -1 30 #SUP: 5
86 -1 89 -1 30 #SUP: 5
86 -1 92 #SUP: 5
86 -1 94 #SUP: 6
86 -1 94 -1 89 #SUP: 5
86 -1 94 -1 30 #SUP: 5
86 -1 30 #SUP: 5
86 -1 30 89 #SUP: 5
88 -1 #SUP: 6
88 -1 94 #SUP: 5
89 -1 #SUP: 10
89 -1 32 #SUP: 6
89 -1 32 -1 20 #SUP: 5
89 -1 32 -1 89 #SUP: 6
89 -1 32 -1 89 -1 89 #SUP: 5
89 -1 20 #SUP: 6
89 -1 20 89 #SUP: 5
89 -1 89 #SUP: 7
89 -1 89 -1 32 #SUP: 5
89 -1 89 -1 89 #SUP: 6
89 -1 89 -1 30 #SUP: 5
89 -1 92 #SUP: 5
89 -1 94 #SUP: 5
89 -1 30 #SUP: 5
92 -1 #SUP: 6
92 94 #SUP: 5
92 -1 89 #SUP: 5
94 -1 #SUP: 8
94 -1 89 #SUP: 6
94 -1 92 #SUP: 5
94 -1 30 #SUP: 5
30 -1 #SUP: 7
30 89 #SUP: 7
30 -1 89 #SUP: 5
31 -1 #SUP: 5
32 -1 #SUP: 7
32 -1 20 #SUP: 5
32 -1 20 89 #SUP: 5
32 -1 89 #SUP: 6
32 -1 89 -1 89 #SUP: 5
